%YAML:1.0
---
# Ear tracker type: 0 (ET_32)
TrackerType: 0
ImageSize: [ 4096, 4096 ]
# Ear feature points in image space. Invalid points have zero coordinates
Point2f: !!opencv-matrix
   rows: 1
   cols: 32
   dt: "2f"
   data: [ 1.04311169e+03, 1.14191895e+03, 9.63685730e+02,
       1.12620471e+03, 9.13564148e+02, 1.15949158e+03, 8.90787048e+02,
       1.23996143e+03, 8.94355103e+02, 1.32438684e+03, 9.15860840e+02,
       1.39818591e+03, 9.44063782e+02, 1.48724255e+03, 9.76509277e+02,
       1.56114124e+03, 1.04423108e+03, 1.60997363e+03, 1.10387659e+03,
       1.55215576e+03, 1.07160474e+03, 1.45108911e+03, 1.02862585e+03,
       1.44738147e+03, 9.91524536e+02, 1.39976428e+03, 1.01784387e+03,
       1.34187000e+03, 1.03603992e+03, 1.32068408e+03, 1.04524316e+03,
       1.30371619e+03, 3.04582300e+03, 1.14508972e+03, 3.12388989e+03,
       1.11228845e+03, 3.18019141e+03, 1.13517456e+03, 3.21163770e+03,
       1.20753943e+03, 3.21761182e+03, 1.29603174e+03, 3.19609131e+03,
       1.38005505e+03, 3.16955078e+03, 1.47481836e+03, 3.13543555e+03,
       1.55544751e+03, 3.06687329e+03, 1.61046643e+03, 2.99262476e+03,
       1.56197534e+03, 3.02335229e+03, 1.45779358e+03, 3.06158374e+03,
       1.44713306e+03, 3.10944507e+03, 1.39781250e+03, 3.08319946e+03,
       1.33311438e+03, 3.06537744e+03, 1.31305701e+03, 3.04751733e+03,
       1.30451428e+03 ]
# Ear feature points in 3d object space. Invalid points have zero coordinates
Point3f: !!opencv-matrix
   rows: 1
   cols: 32
   dt: "3f"
   data: [ -8.39938889e+01, 3.78672295e+01, 7.13118505e+00,
       -9.20247192e+01, 4.12642670e+01, -3.53611445e+00, -9.44877625e+01,
       3.78375931e+01, -1.16372252e+01, -1.04528946e+02, 2.79782257e+01,
       -1.83898335e+01, -1.13556778e+02, 1.70799847e+01, -2.09605656e+01,
       -1.18402061e+02, 7.04987335e+00, -1.91063728e+01, -1.22612404e+02,
       -5.17778540e+00, -1.58598261e+01, -1.24648506e+02,
       -1.55805674e+01, -1.10781193e+01, -1.06908501e+02,
       -2.34835320e+01, 4.60364163e-01, -6.99118881e+01, -1.65626240e+01,
       6.64036083e+00, -7.92282867e+01, -2.99484730e+00, 5.47174168e+00,
       -1.10967209e+02, -1.89930844e+00, 5.60108244e-01, -1.16395424e+02,
       5.13475466e+00, -5.21635628e+00, -1.08215172e+02, 1.21277237e+01,
       4.59459364e-01, -1.00192909e+02, 1.45498753e+01, 3.65107727e+00,
       -9.41699753e+01, 1.66216068e+01, 5.13369179e+00, 9.17959442e+01,
       3.73030586e+01, 8.29596233e+00, 9.90753098e+01, 4.30077934e+01,
       -2.68157649e+00, 1.00549171e+02, 4.11025200e+01, -1.19221373e+01,
       1.00050026e+02, 3.22332306e+01, -1.79704990e+01, 9.79740677e+01,
       2.07135048e+01, -1.98792515e+01, 9.62102280e+01, 9.26579094e+00,
       -1.75399475e+01, 9.40668869e+01, -3.66517091e+00, -1.47388086e+01,
       9.53467941e+01, -1.48098383e+01, -1.11958084e+01, 9.08671875e+01,
       -2.32306347e+01, -2.13234544e+00, 7.70552597e+01, -1.79474182e+01,
       7.29602718e+00, 8.21906128e+01, -3.91467738e+00, 5.71034908e+00,
       8.48791656e+01, -1.93613672e+00, 1.12880981e+00, 8.87334213e+01,
       5.30474234e+00, -4.48942518e+00, 8.60772934e+01, 1.33291092e+01,
       1.46595165e-01, 8.54455872e+01, 1.56676617e+01, 2.79831600e+00,
       8.45203552e+01, 1.65042610e+01, 5.22608805e+00 ]
