%YAML:1.0
---
# Face tracker type: 0(Unknown) 1(ASM)
TrackerType: 1
ImageSize: [ 4096, 4096 ]
# Face feature points in image space. Invalid points have zero coordinates
Point2f: !!opencv-matrix
   rows: 1
   cols: 77
   dt: "2f"
   data: [ 1.46240002e+03, 1.13727063e+03, 1.45440002e+03,
       1.31287061e+03, 1.46880005e+03, 1.46781177e+03, 1.50240002e+03,
       1.63308240e+03, 1.65120007e+03, 1.86475647e+03, 1872., 2016.,
       2048., 2.02559998e+03, 2224., 2016., 2.44480005e+03,
       1.86475647e+03, 2.59360010e+03, 1.63308240e+03, 2.62719995e+03,
       1.46781177e+03, 2.64160010e+03, 1.31287061e+03, 2.63360010e+03,
       1.13727063e+03, 2.29919995e+03, 6.65068909e+02, 2048.,
       6.20799988e+02, 1.79680005e+03, 6.65068909e+02, 1.83680005e+03,
       9.40799988e+02, 1.73120007e+03, 944., 1632., 1.01440002e+03,
       1.73759998e+03, 1.00160004e+03, 1.83040002e+03, 1.00160004e+03,
       1.92959998e+03, 9.98400024e+02, 2160., 9.98400024e+02,
       2.25919995e+03, 9.37600037e+02, 2.36480005e+03, 944.,
       2.45119995e+03, 1024., 2.35840015e+03, 1.00160004e+03,
       2.26240015e+03, 1.00160004e+03, 2.29119995e+03, 1.09759998e+03,
       1.78880005e+03, 1.10080005e+03, 1.88480005e+03, 1.18080005e+03,
       1.83680005e+03, 1.14880005e+03, 1792., 1136., 1744., 1152.,
       1.69920007e+03, 1184., 1.74720007e+03, 1.20640002e+03, 1792.,
       1216., 1840., 1.20320007e+03, 1.79264001e+03, 1.17472009e+03,
       2.29018677e+03, 1.17562671e+03, 2.20160010e+03, 1.17759998e+03,
       2.24640015e+03, 1.14880005e+03, 2.29440015e+03, 1.13280005e+03,
       2.33919995e+03, 1.14559998e+03, 2384., 1.18080005e+03,
       2.33919995e+03, 1200., 2.29440015e+03, 1.20959998e+03,
       2.24640015e+03, 1.20320007e+03, 2.11726514e+03, 1.32455176e+03,
       2.04859180e+03, 1.31963342e+03, 1.97582617e+03, 1.32739221e+03,
       1.97950842e+03, 1.46785889e+03, 2.04838696e+03, 1.41509521e+03,
       2.11674829e+03, 1.46348743e+03, 2.19281226e+03, 1.42707922e+03,
       2.15359229e+03, 1.49108435e+03, 2.04752856e+03, 1.51441724e+03,
       1.94144763e+03, 1.49463147e+03, 1.89348535e+03, 1.44210144e+03,
       1.89634802e+03, 1.69358105e+03, 1.95961755e+03, 1.62758508e+03,
       2.01417993e+03, 1.60218262e+03, 2.04941968e+03, 1.60548242e+03,
       2.08414331e+03, 1.59797156e+03, 2.13818042e+03, 1.62180066e+03,
       2.20560059e+03, 1.69083655e+03, 2.11306641e+03, 1.67270593e+03,
       2.05129224e+03, 1.66748853e+03, 1.98823035e+03, 1.67449255e+03,
       1.98502539e+03, 1.70659656e+03, 2.05105200e+03, 1.71634753e+03,
       2.11466431e+03, 1.69906567e+03, 2.17515503e+03, 1.75676697e+03,
       2.11831030e+03, 1.79303308e+03, 2.05293799e+03, 1.80611365e+03,
       1.98877441e+03, 1.79782751e+03, 1.92666589e+03, 1.76886719e+03 ]
# Face feature points in 3d object space. Invalid points have zero coordinates
Point3f: !!opencv-matrix
   rows: 1
   cols: 77
   dt: "3f"
   data: [ -6.83389740e+01, 3.21435165e+01, 5.87755585e+01,
       -7.10552673e+01, 9.07405853e+00, 5.67004890e+01, -6.96718597e+01,
       -1.13755159e+01, 5.56365509e+01, -6.37965202e+01, -3.31149483e+01,
       5.39033127e+01, -4.57887802e+01, -6.44247665e+01, 5.82807693e+01,
       -2.23505287e+01, -8.60516434e+01, 7.08051453e+01, 4.74433762e-07,
       -8.89951859e+01, 8.43932648e+01, 2.35587368e+01, -8.65837097e+01,
       7.51385193e+01, 4.82589035e+01, -6.48566818e+01, 6.17984619e+01,
       6.82001190e+01, -3.35989571e+01, 5.78452415e+01, 7.43052673e+01,
       -1.18343086e+01, 5.93731232e+01, 7.63156967e+01, 8.57627678e+00,
       6.07545929e+01, 7.29074249e+01, 3.17001591e+01, 6.23864288e+01,
       2.83503132e+01, 9.39419403e+01, 8.19544678e+01, -9.54322417e-08,
       1.01235023e+02, 9.37201920e+01, -2.80147171e+01, 9.39303741e+01,
       8.11194611e+01, -2.89179077e+01, 5.39897957e+01, 9.33900452e+01,
       -4.26053925e+01, 5.42358932e+01, 8.79240341e+01, -5.49830475e+01,
       4.58187714e+01, 8.03186340e+01, -4.23660965e+01, 4.65171890e+01,
       8.84772720e+01, -2.94342957e+01, 4.61841660e+01, 9.11895294e+01,
       -1.60378208e+01, 4.63045349e+01, 9.36708832e+01, 1.53010893e+01,
       4.62006073e+01, 9.45173035e+01, 2.91884937e+01, 5.43103256e+01,
       9.42412262e+01, 4.34741249e+01, 5.40354614e+01, 8.95564423e+01,
       5.60506706e+01, 4.39988518e+01, 8.47555923e+01, 4.35074348e+01,
       4.62474899e+01, 9.06737976e+01, 2.94436531e+01, 4.60144386e+01,
       9.25718536e+01, 3.37171669e+01, 3.34680519e+01, 9.09030075e+01,
       -3.54494324e+01, 3.32611923e+01, 8.91260452e+01, -2.05102997e+01,
       2.33046627e+01, 8.36729813e+01, -2.71574936e+01, 2.74111977e+01,
       8.48449173e+01, -3.43152237e+01, 2.88457508e+01, 8.70082245e+01,
       -4.03840904e+01, 2.70707703e+01, 8.41557999e+01, -4.58897591e+01,
       2.32256317e+01, 8.08549347e+01, -4.01055374e+01, 1.98999405e+01,
       8.37086182e+01, -3.40320358e+01, 1.84608078e+01, 8.50443344e+01,
       -2.68825245e+01, 2.02315102e+01, 8.44697876e+01, -3.33023376e+01,
       2.40498333e+01, 8.41811523e+01, 3.20203552e+01, 2.37118607e+01,
       8.67518616e+01, 1.95266151e+01, 2.35551662e+01, 8.58934250e+01,
       2.57352791e+01, 2.72818451e+01, 8.58984222e+01, 3.34901505e+01,
       2.90816650e+01, 8.85485611e+01, 3.97989960e+01, 2.75595913e+01,
       8.70980606e+01, 4.55240784e+01, 2.32861309e+01, 8.38239288e+01,
       3.94793243e+01, 2.05225086e+01, 8.55616150e+01, 3.30952797e+01,
       1.91533318e+01, 8.63275528e+01, 2.58821163e+01, 2.01064434e+01,
       8.54883957e+01, 1.07621288e+01, 1.97175908e+00, 1.01907616e+02,
       9.66081247e-02, 1.94356966e+00, 1.07457787e+02, -1.08796778e+01,
       1.97063565e+00, 9.88440475e+01, -1.09936914e+01, -1.71880035e+01,
       1.02924431e+02, 6.73113465e-02, -1.13997889e+01, 1.12861954e+02,
       1.11831532e+01, -1.67863331e+01, 1.04382072e+02, 2.20008392e+01,
       -1.10175724e+01, 9.67849960e+01, 1.63946095e+01, -1.97490864e+01,
       9.86578827e+01, -7.50438645e-02, -2.32203541e+01, 1.01688087e+02,
       -1.62592258e+01, -2.00010490e+01, 9.68728256e+01, -2.22857628e+01,
       -1.23556776e+01, 9.14321976e+01, -2.23530254e+01, -4.55175209e+01,
       8.94679108e+01, -1.39892645e+01, -3.78813057e+01, 9.86691360e+01,
       -5.52786446e+00, -3.50333786e+01, 1.02954475e+02, 2.34966144e-01,
       -3.56398277e+01, 1.04323975e+02, 5.95709276e+00, -3.45893822e+01,
       1.03893852e+02, 1.45506077e+01, -3.73634796e+01, 1.00709175e+02,
       2.34021530e+01, -4.52265282e+01, 9.00669403e+01, 1.04816551e+01,
       -4.40434151e+01, 1.00044662e+02, 5.45616508e-01, -4.37716637e+01,
       1.03475494e+02, -9.54026127e+00, -4.41670265e+01, 9.91185608e+01,
       -9.71268272e+00, -4.79375038e+01, 9.50972443e+01, 4.81270522e-01,
       -4.95264549e+01, 9.74897995e+01, 1.04972515e+01, -4.72033958e+01,
       9.72651443e+01, 1.90388374e+01, -5.40316734e+01, 9.04567490e+01,
       1.08829861e+01, -5.92823753e+01, 9.39884033e+01, 7.64272869e-01,
       -6.10408897e+01, 9.41599274e+01, -9.05717468e+00, -5.97763977e+01,
       9.28252716e+01, -1.77260857e+01, -5.53430481e+01, 8.80472641e+01 ]
# Extended face landmarks:
ExtPoint2f: !!opencv-matrix
   rows: 1
   cols: 14
   dt: "2f"
   data: [ 1.21362012e+03, 8.91025391e+02, 1.50520996e+03,
       7.21558044e+02, 2.58784155e+03, 7.19853271e+02, 2.87648291e+03,
       8.84206482e+02, 1.21366199e+03, 1.82580200e+03, 1.49177466e+03,
       2.01484534e+03, 1.76988733e+03, 2.12827124e+03, 2048.,
       2.16608008e+03, 2.33009888e+03, 2.12791553e+03, 2.61219775e+03,
       2.01342188e+03, 2.89429663e+03, 1.82259924e+03, 1.98784009e+03,
       1.21728015e+03, 2.05440015e+03, 1216., 2.11328003e+03,
       1.21472009e+03 ]
