%YAML:1.0
---
# Ear tracker type: 0 (ET_32)
TrackerType: 0
ImageSize: [ 4096, 4096 ]
# Ear feature points in image space. Invalid points have zero coordinates
Point2f: !!opencv-matrix
   rows: 1
   cols: 32
   dt: "2f"
   data: [ 9.13613953e+02, 1.30946228e+03, 8.12928467e+02,
       1.26289465e+03, 7.80254639e+02, 1.29645422e+03, 7.73460632e+02,
       1.39401025e+03, 7.82101379e+02, 1.48515808e+03, 7.94248657e+02,
       1.57171338e+03, 8.12205139e+02, 1.64509668e+03, 8.10161316e+02,
       1.71096179e+03, 9.13908813e+02, 1.73967993e+03, 9.87770813e+02,
       1.70771130e+03, 9.07440063e+02, 1.59766675e+03, 8.44631042e+02,
       1.57523499e+03, 8.16930725e+02, 1.53537720e+03, 7.80311707e+02,
       1.45540796e+03, 8.18368347e+02, 1.42153540e+03, 8.79878357e+02,
       1.46628857e+03, 3.24616479e+03, 1.25976306e+03, 3.22356348e+03,
       1.18846399e+03, 3.32932227e+03, 1.21866980e+03, 3.35798364e+03,
       1.31599365e+03, 3.34241187e+03, 1.41227039e+03, 3.29641089e+03,
       1.49772302e+03, 3.32446948e+03, 1.59587195e+03, 3.25338623e+03,
       1.65922559e+03, 3.18112866e+03, 1.70544067e+03, 3.16099170e+03,
       1.70618005e+03, 3.15178198e+03, 1.55586279e+03, 3.21563745e+03,
       1.52781458e+03, 3.28829883e+03, 1.49119897e+03, 3.30405151e+03,
       1.40158459e+03, 3.25265308e+03, 1.36518872e+03, 3.14973950e+03,
       1.41870459e+03 ]
# Ear feature points in 3d object space. Invalid points have zero coordinates
Point3f: !!opencv-matrix
   rows: 1
   cols: 32
   dt: "3f"
   data: [ -8.93732300e+01, 1.81059742e+01, -1.31715164e+01,
       -9.65483627e+01, 2.62859936e+01, -2.94164085e+01, -9.76151886e+01,
       2.26135769e+01, -3.58110695e+01, -9.51897659e+01, 9.87216663e+00,
       -3.75749054e+01, -9.06778259e+01, -2.44674611e+00,
       -3.58474159e+01, -8.94236374e+01, -1.40644140e+01,
       -3.48629608e+01, -8.66374588e+01, -2.41186810e+01,
       -3.23621559e+01, -7.98809128e+01, -3.29806633e+01,
       -3.14386768e+01, -8.22234192e+01, -3.83430328e+01,
       -1.88324375e+01, -7.94471512e+01, -3.53297195e+01,
       -8.79095268e+00, -7.97480316e+01, -1.97121811e+01,
       -1.69415131e+01, -8.15717392e+01, -1.57269363e+01,
       -2.51323853e+01, -7.65299911e+01, -1.02515211e+01,
       -2.66086388e+01, -9.34851608e+01, 1.61532235e+00, -3.67472229e+01,
       -8.56355896e+01, 4.98439932e+00, -2.75433674e+01, -8.21701889e+01,
       -2.02671838e+00, -1.88555717e+01, 8.66334534e+01, 2.56369343e+01,
       -2.07425976e+01, 8.69849167e+01, 3.45868721e+01, -1.65039692e+01,
       9.05747147e+01, 3.27227707e+01, -3.39981995e+01, 9.14813156e+01,
       2.06200104e+01, -4.07121887e+01, 9.13363953e+01, 7.69271374e+00,
       -3.95781708e+01, 8.83439636e+01, -4.53076506e+00, -3.24669800e+01,
       8.63900604e+01, -1.69395027e+01, -3.75815430e+01, 8.53462448e+01,
       -2.65527325e+01, -2.78227901e+01, 8.02818375e+01, -3.39179192e+01,
       -1.78327274e+01, 8.02068176e+01, -3.43252754e+01, -1.53150606e+01,
       7.89152985e+01, -1.48155594e+01, -1.15985041e+01, 8.14227371e+01,
       -1.01058073e+01, -1.96143112e+01, 8.53465042e+01, -3.95346642e+00,
       -3.01111393e+01, 9.09848251e+01, 8.31194305e+00, -3.30616570e+01,
       8.12184296e+01, 1.17672119e+01, -2.18301849e+01, 8.22913895e+01,
       3.15075660e+00, -9.54728699e+00 ]
