%YAML:1.0
---
# Face tracker type: 0(Unknown) 1(ASM)
TrackerType: 1
ImageSize: [ 4096, 4096 ]
# Face feature points in image space. Invalid points have zero coordinates
Point2f: !!opencv-matrix
   rows: 1
   cols: 77
   dt: "2f"
   data: [ 1.43040002e+03, 1.12007031e+03, 1.44159998e+03,
       1.29718811e+03, 1.46880005e+03, 1.46830176e+03, 1528.,
       1.67994263e+03, 1672., 1.90359119e+03, 1.86559998e+03,
       2.05760010e+03, 2.04159998e+03, 2.06719995e+03, 2.21760010e+03,
       2.05760010e+03, 2.41119995e+03, 1.90359119e+03, 2.55519995e+03,
       1.67994263e+03, 2.61440015e+03, 1.46830176e+03, 2.64160010e+03,
       1.29718811e+03, 2.65280005e+03, 1.12007031e+03, 2.30560010e+03,
       6.11231934e+02, 2.04159998e+03, 5.63200012e+02, 1.77759998e+03,
       6.11231934e+02, 1840., 9.72799988e+02, 1.71840002e+03,
       9.63200012e+02, 1.60959998e+03, 1.03680005e+03, 1.72159998e+03,
       1.03040002e+03, 1.83359998e+03, 1040., 1.94880005e+03,
       1.04320007e+03, 2144., 1.03359998e+03, 2.25280005e+03,
       9.69600037e+02, 2.37119995e+03, 9.56799988e+02, 2480., 1024.,
       2368., 1024., 2.25919995e+03, 1.03040002e+03, 2.31360010e+03,
       1.07840002e+03, 1.78240002e+03, 1.08480005e+03, 1.88159998e+03,
       1.15840002e+03, 1.83040002e+03, 1.12959998e+03, 1.77920007e+03,
       1.11680005e+03, 1.73120007e+03, 1.12959998e+03, 1.68320007e+03,
       1.16480005e+03, 1.73440002e+03, 1.19040002e+03, 1.78240002e+03,
       1200., 1.83040002e+03, 1.19040002e+03, 1.78255994e+03,
       1.16304004e+03, 2.30325342e+03, 1.15210669e+03, 2208.,
       1.15520007e+03, 2.26240015e+03, 1.12320007e+03, 2.31360010e+03,
       1.11040002e+03, 2.36160010e+03, 1.12640002e+03, 2.40640015e+03,
       1.15840002e+03, 2.35519995e+03, 1.18720007e+03, 2.30719995e+03,
       1.19680005e+03, 2256., 1184., 2.11619702e+03, 1.31224268e+03,
       2.04467664e+03, 1.30491809e+03, 1.97383813e+03, 1.30660889e+03,
       1.97098669e+03, 1.47691235e+03, 2.03545117e+03, 1.40590186e+03,
       2.11286060e+03, 1.47689063e+03, 2.20978296e+03, 1.46659729e+03,
       2.15441968e+03, 1.52585925e+03, 2.04122949e+03, 1.53992688e+03,
       1.94204456e+03, 1.52662048e+03, 1.89455261e+03, 1.47267896e+03,
       1.88588904e+03, 1.75511755e+03, 1.95037976e+03, 1.70115613e+03,
       2.00566919e+03, 1.67752087e+03, 2.04472327e+03, 1.68309998e+03,
       2.08575269e+03, 1.67950818e+03, 2.14842480e+03, 1.70904456e+03,
       2.22945313e+03, 1.77040808e+03, 2.11968018e+03, 1.73924060e+03,
       2.04566895e+03, 1.72994336e+03, 1.97791309e+03, 1.72970020e+03,
       1.97704907e+03, 1.74366309e+03, 2.04425488e+03, 1.75357910e+03,
       2.11732568e+03, 1.74919141e+03, 2.17101099e+03, 1.80212952e+03,
       2.10907104e+03, 1.81205359e+03, 2.04322754e+03, 1.81513269e+03,
       1.98717273e+03, 1.80656384e+03, 1.93590906e+03, 1.79106482e+03 ]
# Face feature points in 3d object space. Invalid points have zero coordinates
Point3f: !!opencv-matrix
   rows: 1
   cols: 77
   dt: "3f"
   data: [ -7.04885101e+01, 3.48492928e+01, 5.53457298e+01,
       -7.40089035e+01, 1.11263123e+01, 5.69512825e+01, -7.37154236e+01,
       -1.18400240e+01, 5.88895569e+01, -6.77797089e+01, -4.02947083e+01,
       6.16853409e+01, -5.08624611e+01, -7.10277710e+01, 7.00472336e+01,
       -2.53516350e+01, -9.24049606e+01, 7.75466995e+01, -9.97537673e-01,
       -9.52911682e+01, 9.06678467e+01, 2.35372944e+01, -9.24282227e+01,
       7.77361145e+01, 4.86038437e+01, -7.10079956e+01, 6.98861618e+01,
       6.62996979e+01, -4.04345016e+01, 6.28238525e+01, 7.26245651e+01,
       -1.20252295e+01, 6.03979187e+01, 7.41988907e+01, 1.08286934e+01,
       5.93751907e+01, 7.00879745e+01, 3.46262856e+01, 5.71619759e+01,
       2.27642174e+01, 1.01414001e+02, 6.74403610e+01, -5.19496262e-01,
       1.07190460e+02, 6.64724121e+01, -2.33664799e+01, 1.01478325e+02,
       6.59235992e+01, -2.77137814e+01, 5.00734596e+01, 9.06690826e+01,
       -4.24226837e+01, 5.22143898e+01, 8.36176910e+01, -6.10918617e+01,
       4.25731087e+01, 8.25205307e+01, -5.26403236e+01, 4.10362816e+01,
       1.01960396e+02, -3.18466606e+01, 4.01315613e+01, 9.89436493e+01,
       -1.49189262e+01, 3.92293205e+01, 1.02830032e+02, 1.41169376e+01,
       4.07431564e+01, 1.00886009e+02, 2.76446629e+01, 5.03470802e+01,
       9.19022903e+01, 4.25198669e+01, 5.28096619e+01, 8.56929626e+01,
       7.02902069e+01, 4.26208916e+01, 9.59781799e+01, 4.76204987e+01,
       4.27399445e+01, 9.50085526e+01, 3.07929268e+01, 4.15848808e+01,
       9.74924164e+01, 3.70054779e+01, 3.60293274e+01, 9.08132706e+01,
       -3.74017258e+01, 3.50799751e+01, 9.16217117e+01, -2.17243748e+01,
       2.58649216e+01, 8.70532379e+01, -2.93589401e+01, 2.94614334e+01,
       8.89172974e+01, -3.74259338e+01, 3.10268288e+01, 9.00149612e+01,
       -4.41793900e+01, 2.95863800e+01, 8.78996811e+01, -4.80042267e+01,
       2.58336926e+01, 8.03841782e+01, -4.29631729e+01, 2.17921829e+01,
       8.56060486e+01, -3.61099625e+01, 2.03704529e+01, 8.68000031e+01,
       -2.83596687e+01, 2.18567429e+01, 8.50802383e+01, -3.53528290e+01,
       2.54138489e+01, 8.57074127e+01, 3.38026428e+01, 2.67527370e+01,
       8.68751068e+01, 2.01979294e+01, 2.64910927e+01, 8.56596069e+01,
       2.85586643e+01, 3.04186954e+01, 8.80443192e+01, 3.60386353e+01,
       3.21150436e+01, 8.80755615e+01, 4.24403038e+01, 3.02888756e+01,
       8.56400223e+01, 4.73697433e+01, 2.65902729e+01, 8.11457291e+01,
       4.22165756e+01, 2.21447830e+01, 8.61959457e+01, 3.53874779e+01,
       2.07172585e+01, 8.74372025e+01, 2.73028564e+01, 2.25888424e+01,
       8.60411606e+01, 1.03753986e+01, 3.83726001e+00, 1.00030067e+02,
       -5.34838855e-01, 4.05329943e+00, 1.06194183e+02, -1.12507420e+01,
       4.61680508e+00, 9.97757034e+01, -1.20302038e+01, -1.80200596e+01,
       9.99071579e+01, -2.17296052e+00, -1.01308889e+01, 1.12472801e+02,
       9.99565315e+00, -1.78677826e+01, 9.86904297e+01, 2.38926640e+01,
       -1.58088541e+01, 9.30569687e+01, 1.58377428e+01, -2.37906971e+01,
       9.39553604e+01, -1.04012251e+00, -2.61177731e+01, 9.76898270e+01,
       -1.57174768e+01, -2.38531971e+01, 9.36408691e+01, -2.27410698e+01,
       -1.66693897e+01, 9.34864502e+01, -2.43191166e+01, -5.37431183e+01,
       8.98909302e+01, -1.55096502e+01, -4.75383263e+01, 9.77315521e+01,
       -6.88473415e+00, -4.48209343e+01, 1.01168190e+02, -5.32553315e-01,
       -4.55597801e+01, 1.01150276e+02, 6.08314562e+00, -4.49648857e+01,
       1.00190781e+02, 1.56218414e+01, -4.83034019e+01, 9.54289474e+01,
       2.68280830e+01, -5.55137634e+01, 8.77707825e+01, 1.11413355e+01,
       -5.22927475e+01, 9.52539902e+01, -3.68521005e-01, -5.13372688e+01,
       9.75298920e+01, -1.10019798e+01, -5.11687889e+01, 9.64208069e+01,
       -1.10653934e+01, -5.29141388e+01, 9.55307007e+01, -5.91150641e-01,
       -5.44104576e+01, 9.69902725e+01, 1.08373108e+01, -5.36687279e+01,
       9.56959534e+01, 1.88929176e+01, -6.02800789e+01, 9.22736893e+01,
       9.67254448e+00, -6.20679131e+01, 9.60987244e+01, -7.59532154e-01,
       -6.25683899e+01, 9.68439102e+01, -9.73467827e+00, -6.14810524e+01,
       9.72577972e+01, -1.74709644e+01, -5.90360107e+01, 9.41110840e+01 ]
# Extended face landmarks:
ExtPoint2f: !!opencv-matrix
   rows: 1
   cols: 14
   dt: "2f"
   data: [ 1.10232996e+03, 9.30546692e+02, 1.43996484e+03,
       6.91060608e+02, 2.62688721e+03, 6.81942810e+02, 2.94817456e+03,
       8.94075623e+02, 1.08730103e+03, 1.93261609e+03, 1.40540076e+03,
       2.09094043e+03, 1.72350037e+03, 2.18593530e+03, 2.04159998e+03,
       2.21760010e+03, 2.35478687e+03, 2.18270166e+03, 2.66797339e+03,
       2.07800659e+03, 2.98115991e+03, 1.90351453e+03, 1.97888013e+03,
       1.20224011e+03, 2.04159998e+03, 1.20159998e+03, 2.10816016e+03,
       1.20095996e+03 ]
