%YAML:1.0
---
# Ear tracker type: 0 (ET_32)
TrackerType: 0
ImageSize: [ 4096, 4096 ]
# Ear feature points in image space. Invalid points have zero coordinates
Point2f: !!opencv-matrix
   rows: 1
   cols: 32
   dt: "2f"
   data: [ 1.05738232e+03, 1.27557471e+03, 9.68647278e+02,
       1.21129858e+03, 8.62592102e+02, 1.23167175e+03, 8.23239685e+02,
       1.32254199e+03, 8.32958130e+02, 1.42996619e+03, 8.79829224e+02,
       1.53184705e+03, 9.20973755e+02, 1.61992126e+03, 9.86638367e+02,
       1.67884595e+03, 1.04926440e+03, 1.70821741e+03, 1.14794861e+03,
       1.68491370e+03, 1.07937854e+03, 1.56365088e+03, 1.01891064e+03,
       1.52137952e+03, 9.38453125e+02, 1.46819043e+03, 9.72887695e+02,
       1.38626880e+03, 1.02845496e+03, 1.36187378e+03, 1.07320923e+03,
       1.44002820e+03, 3.16475684e+03, 1.28810168e+03, 3.21612549e+03,
       1.23390564e+03, 3.24896436e+03, 1.24855469e+03, 3.28322266e+03,
       1.31415637e+03, 3.28210815e+03, 1.39252698e+03, 3.21309375e+03,
       1.46115759e+03, 3.20553711e+03, 1.53200134e+03, 3.19558374e+03,
       1.59008533e+03, 3.07742822e+03, 1.61759119e+03, 2.99297925e+03,
       1.60188904e+03, 3.06344409e+03, 1.49966455e+03, 3.12629346e+03,
       1.46553052e+03, 3.18603467e+03, 1.43785754e+03, 3.20000610e+03,
       1.37525269e+03, 3.16542456e+03, 1.35548206e+03, 3.15604858e+03,
       1.40840955e+03 ]
# Ear feature points in 3d object space. Invalid points have zero coordinates
Point3f: !!opencv-matrix
   rows: 1
   cols: 32
   dt: "3f"
   data: [ -7.99151077e+01, 2.01789627e+01, 6.60428190e+00,
       -9.01141739e+01, 3.00235977e+01, -4.04119158e+00, -9.27233810e+01,
       2.92794514e+01, -2.00199051e+01, -8.71666260e+01, 1.79112720e+01,
       -2.57351685e+01, -8.22760315e+01, 3.50104308e+00, -2.45827255e+01,
       -7.83150024e+01, -1.07101011e+01, -1.90550556e+01,
       -6.60563889e+01, -2.30977840e+01, -1.34424677e+01,
       -6.40346909e+01, -3.16434746e+01, -7.58689022e+00,
       -6.41318054e+01, -3.62376289e+01, -1.94404840e+00,
       -6.88661728e+01, -3.45004616e+01, 9.11735821e+00, -7.43409500e+01,
       -1.77890720e+01, 4.19377184e+00, -7.84876099e+01, -1.14115553e+01,
       -2.01853204e+00, -8.40708923e+01, -3.17398882e+00,
       -1.15692177e+01, -7.09613266e+01, 6.87288952e+00, -4.77316952e+00,
       -7.41982651e+01, 9.32380772e+00, 1.65570807e+00, -7.48562241e+01,
       -1.53109872e+00, 5.51587248e+00, 8.51012115e+01, 2.05246620e+01,
       -9.76264858e+00, 8.99168243e+01, 2.85935917e+01, -1.68505974e+01,
       8.93246307e+01, 2.72436714e+01, -2.17033997e+01, 8.79333191e+01,
       1.92286587e+01, -2.73929672e+01, 8.44836807e+01, 8.81284142e+00,
       -2.73427944e+01, 8.23820496e+01, -1.39845014e+00, -1.84218426e+01,
       7.73874969e+01, -1.09167452e+01, -1.75389805e+01, 6.63201599e+01,
       -1.89257736e+01, -1.51448259e+01, 7.27874756e+01, -2.40019855e+01,
       -3.55772352e+00, 6.85433350e+01, -2.30387192e+01, 5.58340693e+00,
       7.15838318e+01, -8.75926495e+00, -1.28895119e-01, 7.27170715e+01,
       -3.43842435e+00, -6.53805113e+00, 7.86806641e+01, 1.13754380e+00,
       -1.38702755e+01, 7.39608841e+01, 9.42792511e+00, -1.36653404e+01,
       6.61151962e+01, 1.13846827e+01, -8.21425629e+00, 6.53827896e+01,
       4.32930803e+00, -8.00883293e+00 ]
