%YAML:1.0
---
# Face tracker type: 0(Unknown) 1(ASM)
TrackerType: 1
ImageSize: [ 4096, 4096 ]
# Face feature points in image space. Invalid points have zero coordinates
Point2f: !!opencv-matrix
   rows: 1
   cols: 77
   dt: "2f"
   data: [ 1.43680005e+03, 1.14314771e+03, 1432., 1.31587537e+03,
       1.44640002e+03, 1.47009668e+03, 1.48320007e+03, 1.63511328e+03,
       1.62880005e+03, 1.84639648e+03, 1.86080005e+03, 1.97120007e+03,
       2.04159998e+03, 1.97440002e+03, 2.22240015e+03, 1.97120007e+03,
       2.45440015e+03, 1.84639648e+03, 2600., 1.63511328e+03,
       2.63680005e+03, 1.47009668e+03, 2.65119995e+03, 1.31587537e+03,
       2.64640015e+03, 1.14314771e+03, 2.28960010e+03, 6.54266357e+02,
       2.04159998e+03, 608., 1.79359998e+03, 6.54266357e+02,
       1.85920007e+03, 976., 1.72480005e+03, 976., 1.60640002e+03,
       1.06240002e+03, 1728., 1040., 1.84959998e+03, 1.04320007e+03,
       1968., 1.05280005e+03, 2144., 1.04640002e+03, 2256.,
       9.72799988e+02, 2.38719995e+03, 9.72799988e+02, 2.49280005e+03,
       1.06559998e+03, 2.38080005e+03, 1.03680005e+03, 2.25919995e+03,
       1040., 2.30080005e+03, 1.07520007e+03, 1808., 1.07520007e+03,
       1904., 1.17120007e+03, 1.85280005e+03, 1.12959998e+03,
       1.80159998e+03, 1.10720007e+03, 1.75040002e+03, 1.12320007e+03,
       1696., 1.16480005e+03, 1.74720007e+03, 1.19040002e+03,
       1.79840002e+03, 1.20640002e+03, 1.84959998e+03, 1.19680005e+03,
       1.81674670e+03, 1.15840002e+03, 2.29504004e+03, 1.15840002e+03,
       2.19519995e+03, 1168., 2.24960010e+03, 1.12640002e+03,
       2.30080005e+03, 1.11040002e+03, 2352., 1.12640002e+03, 2400.,
       1.16480005e+03, 2.34880005e+03, 1.19359998e+03, 2.30080005e+03,
       1.20320007e+03, 2.24640015e+03, 1.19040002e+03, 2.11682959e+03,
       1.33465063e+03, 2.04790881e+03, 1.32496509e+03, 1.97923462e+03,
       1.33501538e+03, 1.96901953e+03, 1.47695874e+03, 2.04944458e+03,
       1.41841211e+03, 2.12485815e+03, 1.48575269e+03, 2.18135425e+03,
       1.42731323e+03, 2.16161450e+03, 1.49431409e+03, 2.04346582e+03,
       1.52690747e+03, 1.92243384e+03, 1.48976831e+03, 1.89984106e+03,
       1.42548059e+03, 1.81444324e+03, 1.67187231e+03, 1.92161938e+03,
       1.61861963e+03, 1.99512146e+03, 1.60094995e+03, 2.03756372e+03,
       1.61184448e+03, 2.07823120e+03, 1.60296643e+03, 2.14582178e+03,
       1.61943054e+03, 2.24119092e+03, 1.67933728e+03, 2.11581763e+03,
       1.66454749e+03, 2.03375684e+03, 1.66191174e+03, 1.94643091e+03,
       1.66610876e+03, 1.94263086e+03, 1.66873596e+03, 2.03022583e+03,
       1.67145020e+03, 2.11412866e+03, 1.66678711e+03, 2.17120093e+03,
       1.72477661e+03, 2.09790601e+03, 1.73423633e+03, 2.02823181e+03,
       1.73738220e+03, 1.95306091e+03, 1.73556531e+03, 1.87213013e+03,
       1.72513892e+03 ]
# Face feature points in 3d object space. Invalid points have zero coordinates
Point3f: !!opencv-matrix
   rows: 1
   cols: 77
   dt: "3f"
   data: [ -6.56263885e+01, 3.21356583e+01, 5.24818535e+01,
       -7.04287338e+01, 9.20078659e+00, 5.24178391e+01, -6.99888077e+01,
       -1.12323637e+01, 5.19988632e+01, -6.63318863e+01, -3.32386665e+01,
       5.27139702e+01, -5.25639915e+01, -6.25651360e+01, 6.29967957e+01,
       -2.62130127e+01, -8.11638565e+01, 7.94611588e+01, -9.76627350e-01,
       -8.28884201e+01, 9.00448380e+01, 2.35744438e+01, -8.08284073e+01,
       7.67290878e+01, 4.78021317e+01, -6.21173592e+01, 5.93499260e+01,
       6.17438202e+01, -3.30222855e+01, 5.09516907e+01, 6.85738754e+01,
       -1.13638783e+01, 5.30699615e+01, 7.93527527e+01, 8.12141132e+00,
       6.12086601e+01, 7.79017639e+01, 3.07464104e+01, 6.37964020e+01,
       2.48219070e+01, 9.54949341e+01, 7.60860367e+01, -6.24804974e-01,
       1.01130363e+02, 7.65352173e+01, -2.59854240e+01, 9.55381546e+01,
       7.53774948e+01, -2.52998714e+01, 4.95316696e+01, 9.16198654e+01,
       -4.08500900e+01, 5.06735382e+01, 8.23201218e+01, -5.39401550e+01,
       4.04004059e+01, 7.25221939e+01, -4.23785667e+01, 4.18414612e+01,
       8.50176163e+01, -2.66851921e+01, 4.07313652e+01, 9.05968628e+01,
       -1.07929497e+01, 3.91645088e+01, 9.29728851e+01, 1.30443401e+01,
       3.99494591e+01, 9.35033646e+01, 2.83160515e+01, 4.98512802e+01,
       9.24785767e+01, 4.41381531e+01, 5.09095116e+01, 8.38599854e+01,
       6.16528931e+01, 3.89064560e+01, 8.12277451e+01, 4.42788582e+01,
       4.22868958e+01, 8.48515244e+01, 2.82302971e+01, 4.12586975e+01,
       8.97638550e+01, 3.39043694e+01, 3.67823372e+01, 8.81421204e+01,
       -3.25633011e+01, 3.66099243e+01, 8.95462723e+01, -1.78238850e+01,
       2.46627007e+01, 8.29976501e+01, -2.47899952e+01, 2.99932137e+01,
       8.45862961e+01, -3.25011063e+01, 3.27350540e+01, 8.64876251e+01,
       -3.89729500e+01, 3.09457283e+01, 8.37520142e+01, -4.43362198e+01,
       2.61586170e+01, 7.77378845e+01, -3.90681725e+01, 2.22478523e+01,
       8.18949203e+01, -3.28240547e+01, 1.97977219e+01, 8.45411301e+01,
       -2.55194950e+01, 2.10846024e+01, 8.44454346e+01, -2.97466106e+01,
       2.62237511e+01, 8.41308136e+01, 3.18576107e+01, 2.63226414e+01,
       8.48967819e+01, 1.82901802e+01, 2.51069107e+01, 8.44130478e+01,
       2.58327866e+01, 3.03445606e+01, 8.51864853e+01, 3.29363213e+01,
       3.24651337e+01, 8.52242966e+01, 3.94983559e+01, 3.06350632e+01,
       8.28205795e+01, 4.48143349e+01, 2.60614014e+01, 7.85296326e+01,
       3.95267487e+01, 2.17167225e+01, 8.27589035e+01, 3.32804337e+01,
       2.02192726e+01, 8.45694656e+01, 2.52498226e+01, 2.20267067e+01,
       8.36960220e+01, 1.03068848e+01, 1.09540212e+00, 9.81202393e+01,
       -1.45809064e-02, 1.51523268e+00, 1.05178642e+02, -1.03615236e+01,
       9.73611236e-01, 9.87174759e+01, -1.18296137e+01, -1.75147724e+01,
       9.57416306e+01, 2.45741993e-01, -1.15278931e+01, 1.10317123e+02,
       1.14167843e+01, -1.85708790e+01, 9.48298416e+01, 2.01900082e+01,
       -1.10374079e+01, 9.66933136e+01, 1.66517429e+01, -1.94704590e+01,
       9.28948441e+01, -6.90868616e-01, -2.43145714e+01, 9.70880661e+01,
       -1.83291664e+01, -1.88030052e+01, 9.23763199e+01, -2.22031822e+01,
       -1.06377325e+01, 9.54208374e+01, -3.25338821e+01, -4.17677917e+01,
       8.24129333e+01, -1.91150723e+01, -3.60757790e+01, 9.36629181e+01,
       -8.26057053e+00, -3.42820206e+01, 9.81686020e+01, -1.64486718e+00,
       -3.58443451e+01, 9.91072311e+01, 4.74422979e+00, -3.46208458e+01,
       9.87467957e+01, 1.49808302e+01, -3.63918228e+01, 9.53596649e+01,
       2.69429188e+01, -4.29090576e+01, 8.36323318e+01, 1.03656387e+01,
       -4.23194580e+01, 9.48297424e+01, -2.22227716e+00, -4.22689247e+01,
       9.72694626e+01, -1.53716860e+01, -4.23506775e+01, 9.33949738e+01,
       -1.59145021e+01, -4.26628761e+01, 9.30956573e+01, -2.76654124e+00,
       -4.34861755e+01, 9.68646698e+01, 1.00901728e+01, -4.25939293e+01,
       9.46423492e+01, 1.79918232e+01, -4.95650177e+01, 8.86854095e+01,
       7.81627464e+00, -5.17578125e+01, 9.63108521e+01, -3.14744973e+00,
       -5.23963356e+01, 9.81080399e+01, -1.46731272e+01, -5.17048988e+01,
       9.44423523e+01, -2.51595306e+01, -4.92371483e+01, 8.56232071e+01 ]
# Extended face landmarks:
ExtPoint2f: !!opencv-matrix
   rows: 1
   cols: 14
   dt: "2f"
   data: [ 1.21613318e+03, 9.27212097e+02, 1.50486658e+03,
       7.22502869e+02, 2.61388379e+03, 7.25272156e+02, 2.93816772e+03,
       9.38289673e+02, 1.21965881e+03, 1.86793091e+03, 1.49363928e+03,
       2.00299158e+03, 1.76761951e+03, 2.08402808e+03, 2.04159998e+03,
       2.11104004e+03, 2.34033594e+03, 2.07848022e+03, 2.63907202e+03,
       1.98080139e+03, 2.93780786e+03, 1.81800317e+03, 1.99359998e+03,
       1.20864001e+03, 2.05119995e+03, 1208., 2.10880005e+03,
       1.20736011e+03 ]
